RGB/1,0,255,255
RGB/2,255,0,255
RGB/3,255,255,0
RGB/4,0,0,255
RGB/5,0,255,0
RGB/6,255,0,0
RGB/7,0,0,0
RGB/8,127,127,127
RGB/9,181,208,208
RGB/10,228,198,171
RGB/11,177,139,190
RGB/12,235,219,232
RGB/13,181,181,146
RGB/14,241,238,232
RGB/15,173,208,158
RGB/16,238,237,229
RGB/17,178,211,163
RGB/18,228,233,218
RGB/19,193,218,180
RGB/20,220,229,210
RGB/21,185,214,171
RGB/22,190,216,177
RGB/23,213,226,202
RGB/24,232,234,222
RGB/25,172,204,198
RGB/26,181,212,169
RGB/27,201,221,189
RGB/28,197,219,185
RGB/29,204,222,193
RGB/30,209,224,197
RGB/31,164,204,149
RGB/32,242,195,195
RGB/33,222,246,224
RGB/34,211,214,243
RGB/35,247,248,194
RGB/36,188,168,232
RGB/37,181,228,187
RGB/38,164,170,162
RGB/39,250,200,164
RGB/40,90,172,248
RGB/41,140,126,153
RGB/42,86,130,107
RGB/43,125,201,164
RGB/44,210,215,140
RGB/45,216,172,100
RGB/46,179,117,231
RGB/47,42,48,48
RGB/48,148,190,153
RGB/49,167,125,113
RGB/50,233,147,122
RGB/51,164,198,236
RGB/52,126,128,252
RGB/53,134,136,208
RGB/54,162,171,75
RGB/55,51,203,153
RGB/56,87,195,155
RGB/57,216,113,85
RGB/58,245,29,29
RGB/59,115,74,8
RGB/60,122,200,104
RGB/61,172,104,163
RGB/62,203,88,115
RGB/63,0,146,218
RGB/64,164,4,119
RGB/65,227,78,78
RGB/66,20,0,0
RGB/67,168,62,144
RGB/68,104,151,174
RGB/69,32,223,0
RGB/70,48,247,47
RGB/71,223,48,68
RGB/72,238,150,254
RGB/73,57,167,210
RGB/74,102,224,91
RGB/75,244,102,255
RGB/76,219,60,217
RGB/77,73,81,9
RGB/78,129,93,36
RGB/79,121,61,45
RGB/80,98,39,24
RGB/81,73,87,173
RGB/82,77,247,66
RGB/83,150,87,70
RGB/84,108,115,45
RGB/85,141,99,180
RGB/86,42,148,51
RGB/87,249,108,106
RGB/88,78,167,86
RGB/89,203,12,203
RGB/90,39,39,252
RGB/91,86,86,248
RGB/92,131,143,32
RGB/93,214,98,207
RGB/94,251,36,255
RGB/95,249,62,249
RGB/96,116,170,151
RGB/97,163,127,46
RGB/98,236,243,52
RGB/99,215,229,113
RGB/100,83,68,105
RGB/101,191,79,23
RGB/102,249,249,17
RGB/103,118,187,212
RGB/104,100,155,0
RGB/105,0,57,85
RGB/106,234,193,254
RGB/107,255,212,0
RGB/108,162,118,27
RGB/109,139,0,0
RGB/110,0,76,0
RGB/111,241,153,163
RGB/112,51,132,250
RGB/113,76,179,0
RGB/114,79,3,79
RGB/115,32,115,155
RGB/116,199,0,0
RGB/117,207,69,197
RGB/118,0,187,0
RGB/119,94,29,13
RGB/120,151,121,51
RGB/121,207,185,46
RGB/122,109,53,109
RGB/123,254,166,166
RGB/124,190,80,244
RGB/125,135,120,0
RGB/126,202,127,84
RGB/127,94,48,36